1.947235526116037896e-01
4.191825155686799698e-01
5.120868100347509833e-01
5.834620947148515535e-01
6.223508847134620048e-01
6.363569115494736028e-01
6.363569115494722706e-01
6.069416398120647260e-01
5.504248021104334310e-01
4.668526337171614582e-01
4.191825155686809135e-01
4.192390166134520868e-01
5.352687926743854296e-01
6.311268955939604020e-01
6.960229681445778693e-01
7.167914168131839237e-01
7.311544234011652099e-01
7.145540044960720927e-01
6.655116431845773395e-01
5.859117210064817005e-01
5.368999654084447570e-01
4.126429834321176382e-01
5.347291188303093801e-01
6.564118660236694103e-01
7.474053833833227412e-01
7.800096703861953973e-01
8.138792417197135975e-01
8.135991753181580632e-01
7.776082708238433172e-01
7.046706775680080526e-01
6.583422119228987679e-01
5.280077002152203658e-01
5.053067967210046474e-01
6.569340902566611629e-01
7.216610813957944348e-01
8.206165192831240685e-01
8.781171993444040202e-01
8.964913455374124984e-01
8.772543954520027887e-01
8.550304264797858878e-01
7.760173010123734283e-01
6.549564493307061808e-01
5.061965197937156047e-01
6.320606272720538099e-01
7.087358772680388830e-01
8.337839534210600423e-01
9.186164798995180014e-01
9.595175929877746146e-01
9.568654321164496990e-01
9.462019488617690044e-01
8.798008044920669901e-01
7.713600593642782055e-01
6.215523201204997683e-01
5.752603453817198842e-01
6.706801011594606399e-01
8.204764456503527148e-01
9.319315778925555405e-01
9.996927713599720322e-01
1.021767783641570171e+00
1.018152957149216720e+00
9.711123182906958862e-01
8.773136210922002354e-01
7.440688127380123973e-01
6.706801011594608619e-01
6.116633057072330404e-01
7.809597601518379895e-01
9.188209879895548049e-01
1.012219614048468275e+00
1.045787701350056942e+00
1.068542636221169628e+00
1.042179581432686408e+00
9.644733904463180796e-01
8.533722198714568385e-01
7.833288283162628263e-01
6.029707353543254378e-01
7.202454728110531113e-01
8.836321587342913508e-01
1.004809803916874689e+00
1.048915856274639014e+00
1.094638189011689411e+00
1.094097484132127818e+00
1.042862809639997224e+00
9.484804388940222264e-01
8.853038765518559394e-01
7.079968624906322061e-01
6.335750207425185909e-01
8.230567874635340564e-01
9.698931020723163821e-01
1.027769203842312518e+00
1.099205211369916002e+00
1.123305597822246371e+00
1.094258193748457897e+00
1.070870381216392220e+00
9.719115626944498931e-01
8.204722941691884319e-01
6.339092189553853229e-01
7.437553802573023676e-01
8.347042024771726965e-01
9.834888889331303563e-01
1.081502180965103088e+00
1.130960415656915075e+00
1.130077306513740387e+00
1.114376692981112749e+00
1.033500059298922524e+00
9.100094134807930057e-01
7.308194817453969039e-01
6.439687046041262519e-01
7.489420279896149557e-01
9.159910111056532855e-01
1.042111187721270760e+00
1.114670643713160603e+00
1.140289100370127429e+00
1.136961629266641349e+00
1.084399103106210127e+00
9.831527806116190371e-01
8.336173260113920458e-01
6.422529638560368070e-01
6.517798315585151547e-01
8.326462219554586763e-01
9.743650393968601442e-01
1.081642552538516266e+00
1.102546676749962762e+00
1.138624032128383146e+00
1.111284238301515348e+00
1.034676479924003578e+00
9.027739232605320741e-01
8.347042024771728075e-01
6.517798315585169311e-01
7.333249557921943662e-01
9.014841744480485142e-01
1.025447108049256650e+00
1.070870400527348831e+00
1.119259519582993079e+00
1.116561489516479488e+00
1.060719805725496512e+00
9.680915802893554911e-01
9.038339073628052223e-01
7.248939537269452060e-01
6.203991238549132481e-01
8.049219295863010437e-01
9.499263493187241059e-01
1.006698302586445548e+00
1.076356318986760208e+00
1.099385233142557983e+00
1.074432831486564321e+00
1.002966367227941857e+00
9.519858318101223071e-01
8.032048373003715103e-01
6.203833794075976904e-01
6.977344505089866367e-01
6.989012801139069531e-01
9.229559366584264568e-01
1.014670198809568324e+00
1.059388220570819827e+00
1.057152498942879326e+00
1.045787701350069598e+00
9.760000030982102226e-01
8.540211250748562799e-01
6.863804436197906700e-01
5.776192803447084412e-01
6.706801011594465400e-01
8.221842236202047127e-01
9.318006127066752464e-01
9.973724299161186302e-01
1.021298922515462060e+00
1.018152957149232929e+00
9.705448849553867108e-01
8.806964486270596471e-01
7.412593419606654521e-01
5.770611777375524998e-01
5.534173055967859245e-01
7.062405596482252967e-01
8.327824787611760593e-01
9.176176027851573602e-01
9.598177452968299495e-01
9.667900315992927762e-01
9.436490485372521775e-01
8.795924514474929845e-01
7.720366130055910103e-01
6.229421860377161169e-01
5.534173055967874788e-01
5.848394920849228074e-01
7.194282653286580009e-01
8.184728934184669624e-01
8.550304264797908838e-01
8.936699865721656755e-01
8.914395767300719031e-01
8.523365646719263111e-01
7.730674246356568080e-01
7.216610813957896609e-01
5.886803871547676703e-01
4.615469215225196931e-01
5.988585761001125052e-01
7.059459900478152194e-01
7.486152549620767038e-01
7.997062425079844994e-01
8.176043872292817483e-01
7.990209194321477026e-01
7.415896368476341260e-01
7.079291922612735988e-01
5.979632739963405275e-01
4.591022713335782268e-01
4.773939786620897130e-01
5.858219492706204790e-01
6.326015238460780399e-01
6.950786613777361067e-01
7.267184270807600655e-01
7.256378946189293577e-01
6.952237543183797941e-01
6.689583594522163779e-01
5.816299005769248742e-01
4.717422629625149244e-01
3.601956043610911040e-01
4.191825155686825233e-01
5.138742755633358694e-01
5.730640126709382054e-01
6.245032343127359109e-01
6.371706458326155120e-01
6.363569115494649431e-01
6.088427827396473146e-01
5.501852594808493979e-01
4.657963333030942232e-01
3.610226086237700027e-01
