       1.0114772578817792
       1.0319111418793909
       1.0523450258770026
       1.0727789098746143
       1.0932127938722260
       1.1136466778698377
       1.1340805618674494
       1.1545144458650611
       1.1749483298626728
       1.1953822138602845
       1.2158160978578962
       1.2362499818555079
       1.2566838658531196
       1.2771177498507313
       1.2975516338483430
       1.3179855178459547
       1.3384194018435664
       1.3588532858411781
       1.3792871698387899
       1.3997210538364016
       1.4201549378340133
       1.4405888218316250
       1.4610227058292367
       1.4814565898268484
       1.5018904738244601
       1.5223243578220718
       1.5427582418196835
       1.5631921258172952
       1.5836260098149069
       1.6040598938125186
       1.6244937778101303
       1.6449276618077420
       1.6653615458053537
       1.6857954298029654
       1.7062293138005771
       1.7266631977981888
       1.7470970817958005
       1.7675309657934122
       1.7879648497910239
       1.8083987337886356
       1.8288326177862473
       1.8492665017838590
       1.8697003857814707
       1.8901342697790824
       1.9105681537766941
       1.9310020377743058
       1.9514359217719175
       1.9718698057695292
       1.9923036897671409
       2.0127375737647526
       2.0331714577623643
       2.0536053417599760
       2.0740392257575877
       2.0944731097551994
       2.1149069937528111
       2.1353408777504228
       2.1557747617480345
       2.1762086457456462
       2.1966425297432579
       2.2170764137408696
       2.2375102977384813
       2.2579441817360930
       2.2783780657337047
       2.2988119497313164
       2.3192458337289281
       2.3396797177265398
       2.3601136017241515
       2.3805474857217632
       2.4009813697193749
       2.4214152537169866
       2.4418491377145983
       2.4622830217122100
       2.4827169057098217
       2.5031507897074334
       2.5235846737050451
       2.5440185577026568
       2.5644524417002685
       2.5848863256978802
       2.6053202096954919
       2.6257540936931036
       2.6461879776907153
       2.6666218616883270
       2.6870557456859387
       2.7074896296835504
       2.7279235136811621
       2.7483573976787739
       2.7687912816763856
       2.7892251656739973
       2.8096590496716090
       2.8300929336692207
       2.8505268176668324
       2.8709607016644441
       2.8913945856620558
       2.9118284696596675
       2.9322623536572792
       2.9526962376548909
       2.9731301216525026
       2.9935640056501143
       3.0139978896477260
       3.0344317736453377
       3.0548656576429494
       3.0752995416405611
       3.0957334256381728
       3.1161673096357845
       3.1366011936333962
       3.1570350776310079
       3.1774689616286196
       3.1979028456262313
       3.2183367296238430
       3.2387706136214547
       3.2592044976190664
       3.2796383816166781
       3.3000722656142898
       3.3205061496119015
       3.3409400336095132
       3.3613739176071249
       3.3818078016047366
       3.4022416856023483
       3.4226755695999600
       3.4431094535975717
       3.4635433375951834
       3.4839772215927951
       3.5044111055904068
       3.5248449895880185
       3.5452788735856302
       3.5657127575832419
       3.5861466415808536
       3.6065805255784653
       3.6270144095760770
       3.6474482935736887
       3.6678821775713004
       3.6883160615689121
       3.7087499455665238
       3.7291838295641355
       3.7496177135617472
       3.7700515975593589
       3.7904854815569706
       3.8109193655545823
       3.8313532495521940
       3.8517871335498057
       3.8722210175474174
       3.8926549015450291
       3.9130887855426408
       3.9335226695402525
       3.9539565535378642
       3.9743904375354759
       3.9948243215330876
       4.0152582055306993
       4.0356920895283110
       4.0561259735259227
       4.0765598575235344
       4.0969937415211461
       4.1174276255187578
       4.1378615095163696
       4.1582953935139813
       4.1787292775115930
       4.1991631615092047
       4.2195970455068164
       4.2400309295044281
       4.2604648135020398
       4.2808986974996515
       4.3013325814972632
       4.3217664654948749
       4.3422003494924866
       4.3626342334900983
       4.3830681174877100
       4.4035020014853217
       4.4239358854829334
       4.4443697694805451
       4.4648036534781568
       4.4852375374757685
       4.5056714214733802
       4.5261053054709919
       4.5465391894686036
       4.5669730734662153
       4.5874069574638270
       4.6078408414614387
       4.6282747254590504
       4.6487086094566621
       4.6691424934542738
       4.6895763774518855
       4.7100102614494972
       4.7304441454471089
       4.7508780294447206
       4.7713119134423323
       4.7917457974399440
       4.8121796814375557
       4.8326135654351674
       4.8530474494327791
       4.8734813334303908
       4.8939152174280025
       4.9143491014256142
       4.9347829854232259
       4.9552168694208376
       4.9756507534184493
       4.9960846374160610
       5.0165185214136727
       5.0369524054112844
       5.0573862894088961
       5.0778201734065078
       5.0982540574041195
       5.1186879414017312
       5.1391218253993429
       5.1595557093969546
       5.1799895933945663
       5.2004234773921780
       5.2208573613897897
       5.2412912453874014
       5.2617251293850131
       5.2821590133826248
       5.3025928973802365
       5.3230267813778482
       5.3434606653754599
       5.3638945493730716
       5.3843284333706833
       5.4047623173682950
       5.4251962013659067
       5.4456300853635184
       5.4660639693611301
       5.4864978533587418
       5.5069317373563536
       5.5273656213539653
       5.5477995053515770
       5.5682333893491887
       5.5886672733468004
       5.6091011573444121
       5.6295350413420238
       5.6499689253396355
       5.6704028093372472
       5.6908366933348589
       5.7112705773324706
       5.7317044613300823
       5.7521383453276940
       5.7725722293253057
       5.7930061133229174
       5.8134399973205291
       5.8338738813181408
       5.8543077653157525
       5.8747416493133642
       5.8951755333109759
       5.9156094173085876
       5.9360433013061993
       5.9564771853038110
       5.9769110693014227
       5.9973449532990344
       6.0177788372966461
       6.0382127212942578
       6.0586466052918695
       6.0790804892894812
       6.0995143732870929
       6.1199482572847046
       6.1403821412823163
       6.1608160252799280
       6.1812499092775397
       6.2016837932751514
       6.2221176772727631
       6.2425515612703748
       6.2629854452679865
       6.2834193292655982
       6.3038532132632099
       6.3242870972608216
       6.3447209812584333
       6.3651548652560450
       6.3855887492536567
       6.4060226332512684
       6.4264565172488801
       6.4468904012464918
       6.4673242852441035
       6.4877581692417152
       6.5081920532393269
       6.5286259372369386
       6.5490598212345503
       6.5694937052321620
       6.5899275892297737
       6.6103614732273854
       6.6307953572249971
       6.6512292412226088
       6.6716631252202205
       6.6920970092178322
       6.7125308932154439
       6.7329647772130556
       6.7533986612106673
       6.7738325452082790
       6.7942664292058907
       6.8147003132035024
       6.8351341972011141
       6.8555680811987258
       6.8760019651963376
       6.8964358491939493
       6.9168697331915610
       6.9373036171891727
       6.9577375011867844
       6.9781713851843961
       6.9986052691820078
       7.0190391531796195
       7.0394730371772312
       7.0599069211748429
       7.0803408051724546
       7.1007746891700663
       7.1212085731676780
       7.1416424571652897
       7.1620763411629014
       7.1825102251605131
       7.2029441091581248
       7.2233779931557365
       7.2438118771533482
       7.2642457611509599
       7.2846796451485716
       7.3051135291461833
       7.3255474131437950
       7.3459812971414067
       7.3664151811390184
       7.3868490651366301
       7.4072829491342418
       7.4277168331318535
       7.4481507171294652
       7.4685846011270769
       7.4890184851246886
       7.5094523691223003
       7.5298862531199120
       7.5503201371175237
       7.5707540211151354
       7.5911879051127471
       7.6116217891103588
       7.6320556731079705
       7.6524895571055822
       7.6729234411031939
       7.6933573251008056
       7.7137912090984173
       7.7342250930960290
       7.7546589770936407
       7.7750928610912524
       7.7955267450888641
       7.8159606290864758
       7.8363945130840875
       7.8568283970816992
       7.8772622810793109
       7.8976961650769226
       7.9181300490745343
       7.9385639330721460
       7.9589978170697577
       7.9794317010673694
       7.9998655850649811
       8.0202994690625928
       8.0407333530602045
       8.0611672370578162
       8.0816011210554279
       8.1020350050530396
       8.1224688890506513
       8.1429027730482630
       8.1633366570458747
       8.1837705410434864
       8.2144213670399040
       8.2552891350351274
       8.2961569030303508
       8.3370246710255742
       8.3778924390207976
       8.4187602070160210
       8.4596279750112444
       8.5004957430064678
       8.5413635110016912
       8.5822312789969146
       8.6230990469921380
       8.6639668149873614
       8.7048345829825848
       8.7457023509778082
       8.7865701189730316
       8.8274378869682550
       8.8683056549634784
       8.9091734229587018
       8.9500411909539253
       8.9909089589491487
       9.0317767269443721
       9.0726444949395955
       9.1135122629348189
       9.1543800309300423
       9.1952477989252657
       9.2361155669204891
       9.2769833349157125
       9.3178511029109359
       9.3587188709061593
       9.3995866389013827
       9.4404544068966061
       9.4813221748918295
       9.5221899428870529
       9.5630577108822763
       9.6039254788774997
       9.6447932468727231
       9.6856610148679465
       9.7265287828631699
       9.7673965508583933
       9.8082643188536167
       9.8491320868488401
       9.8899998548440635
       9.9308676228392869
       9.9717353908345103
      10.0126031588297337
      10.0534709268249571
      10.0943386948201805
      10.1352064628154039
      10.1760742308106273
      10.2169419988058507
      10.2578097668010741
      10.2986775347962976
      10.3395453027915210
      10.3804130707867444
      10.4212808387819678
      10.4621486067771912
      10.5030163747724146
      10.5438841427676380
      10.5847519107628614
      10.6256196787580848
      10.6664874467533082
      10.7073552147485316
      10.7482229827437550
      10.7890907507389784
      10.8299585187342018
      10.8708262867294252
      10.9116940547246486
      10.9525618227198720
      10.9934295907150954
      11.0342973587103188
      11.0751651267055422
      11.1160328947007656
      11.1569006626959890
      11.1977684306912124
      11.2386361986864358
      11.2795039666816592
      11.3203717346768826
      11.3612395026721060
      11.4021072706673294
      11.4429750386625528
      11.4838428066577762
      11.5247105746529996
      11.5655783426482230
      11.6064461106434464
      11.6473138786386698
      11.6881816466338933
      11.7290494146291167
      11.7699171826243401
      11.8107849506195635
      11.8516527186147869
      11.8925204866100103
      11.9333882546052337
      11.9742560226004571
      12.0151237905956805
      12.0559915585909039
      12.0968593265861273
      12.1377270945813507
      12.1785948625765741
      12.2194626305717975
      12.2603303985670209
      12.3011981665622443
      12.3420659345574677
      12.3829337025526911
      12.4238014705479145
      12.4646692385431379
      12.5055370065383613
      12.5464047745335847
      12.5872725425288081
      12.6281403105240315
      12.6690080785192549
      12.7098758465144783
      12.7507436145097017
      12.7916113825049251
      12.8324791505001485
      12.8733469184953719
      12.9142146864905953
      12.9550824544858187
      12.9959502224810421
      13.0368179904762655
      13.0776857584714890
      13.1185535264667124
      13.1594212944619358
      13.2002890624571592
      13.2411568304523826
      13.2820245984476060
      13.3228923664428294
      13.3637601344380528
      13.4046279024332762
      13.4454956704284996
      13.4863634384237230
      13.5272312064189464
      13.5680989744141698
      13.6089667424093932
      13.6498345104046166
      13.6907022783998400
      13.7315700463950634
      13.7724378143902868
      13.8133055823855102
      13.8541733503807336
      13.8950411183759570
      13.9359088863711804
      13.9767766543664038
      14.0176444223616272
      14.0585121903568506
      14.0993799583520740
      14.1402477263472974
      14.1811154943425208
      14.2219832623377442
      14.2628510303329676
      14.3037187983281910
      14.3445865663234144
      14.3854543343186378
      14.4263221023138613
      14.4671898703090847
      14.5080576383043081
      14.5489254062995315
      14.5897931742947549
      14.6306609422899783
      14.6715287102852017
      14.7123964782804251
      14.7532642462756485
      14.7941320142708719
      14.8349997822660953
      14.8758675502613187
      14.9167353182565421
      14.9576030862517655
      14.9984708542469889
      15.0393386222422123
      15.0802063902374357
      15.1210741582326591
      15.1619419262278825
      15.2028096942231059
      15.2436774622183293
      15.2845452302135527
      15.3254129982087761
      15.3662807662039995
      15.4071485341992229
      15.4480163021944463
      15.4888840701896697
      15.5297518381848931
      15.5706196061801165
      15.6114873741753399
      15.6523551421705633
      15.6932229101657867
      15.7340906781610101
      15.7749584461562335
      15.8158262141514570
      15.8566939821466804
      15.8975617501419038
      15.9384295181371272
      15.9792972861323506
      16.0201650541275740
      16.0610328221227974
      16.1019005901180208
      16.1427683581132442
      16.1836361261084676
      16.2245038941036910
      16.2653716620989144
      16.3062394300941378
      16.3471071980893612
      16.3981919080833904
      16.4594935600762255
      16.5207952120690607
      16.5820968640618958
      16.6433985160547309
      16.7047001680475660
      16.7660018200404011
      16.8273034720332362
      16.8886051240260713
      16.9499067760189064
      17.0112084280117415
      17.0725100800045766
      17.1338117319974117
      17.1951133839902468
      17.2564150359830819
      17.3177166879759170
      17.3790183399687521
      17.4403199919615872
      17.5016216439544223
      17.5629232959472574
      17.6242249479400925
      17.6855265999329276
      17.7468282519257627
      17.8081299039185978
      17.8694315559114330
      17.9307332079042681
      17.9920348598971032
      18.0533365118899383
      18.1146381638827734
      18.1759398158756085
      18.2372414678684436
      18.2985431198612787
      18.3598447718541138
      18.4211464238469489
      18.4824480758397840
      18.5437497278326191
      18.6050513798254542
      18.6663530318182893
      18.7276546838111244
      18.7889563358039595
      18.8502579877967946
      18.9115596397896297
      18.9728612917824648
      19.0341629437752999
      19.0954645957681350
      19.1567662477609701
      19.2180678997538052
      19.2793695517466404
      19.3406712037394755
      19.4019728557323106
      19.4632745077251457
      19.5245761597179808
      19.5858778117108159
      19.6471794637036510
      19.7084811156964861
      19.7697827676893212
      19.8310844196821563
      19.8923860716749914
      19.9536877236678265
      20.0149893756606616
      20.0762910276534967
      20.1375926796463318
      20.1988943316391669
      20.2601959836320020
      20.3214976356248371
      20.3827992876176722
      20.4441009396105073
      20.5054025916033424
      20.5667042435961775
      20.6280058955890127
      20.6893075475818478
      20.7506091995746829
      20.8119108515675180
      20.8732125035603531
      20.9345141555531882
      20.9958158075460233
      21.0571174595388584
      21.1184191115316935
      21.1797207635245286
      21.2410224155173637
      21.3023240675101988
      21.3636257195030339
      21.4249273714958690
      21.4862290234887041
      21.5475306754815392
      21.6088323274743743
      21.6701339794672094
      21.7314356314600445
      21.7927372834528796
      21.8540389354457147
      21.9153405874385498
      21.9766422394313850
      22.0379438914242201
      22.0992455434170552
      22.1605471954098903
      22.2218488474027254
      22.2831504993955605
      22.3444521513883956
      22.4057538033812307
      22.4670554553740658
      22.5283571073669009
      22.5896587593597360
      22.6509604113525711
      22.7122620633454062
      22.7735637153382413
      22.8348653673310764
      22.8961670193239115
      22.9574686713167466
      23.0187703233095817
      23.0800719753024168
      23.1413736272952519
      23.2026752792880870
      23.2639769312809221
      23.3252785832737572
      23.3865802352665924
      23.4478818872594275
      23.5091835392522626
      23.5704851912450977
      23.6317868432379328
      23.6930884952307679
      23.7543901472236030
      23.8156917992164381
      23.8769934512092732
      23.9382951032021083
      23.9995967551949434
      24.0608984071877785
      24.1222000591806136
      24.1835017111734487
      24.2448033631662838
      24.3061050151591189
      24.3674066671519540
      24.4287083191447891
      24.4900099711376242
      24.5513116231304593
      24.6228302171221003
      24.7045657531125471
      24.7863012891029939
      24.8680368250934407
      24.9497723610838875
      25.0315078970743343
      25.1132434330647811
      25.1949789690552279
      25.2767145050456747
      25.3584500410361215
      25.4401855770265684
      25.5219211130170152
      25.6036566490074620
      25.6853921849979088
      25.7671277209883556
      25.8488632569788024
      25.9305987929692492
      26.0123343289596960
      26.0940698649501428
      26.1758054009405896
      26.2575409369310364
      26.3392764729214832
      26.4210120089119300
      26.5027475449023768
      26.5844830808928236
      26.6662186168832704
      26.7479541528737172
      26.8296896888641641
      26.9114252248546109
      26.9931607608450577
      27.0748962968355045
      27.1566318328259513
      27.2383673688163981
      27.3201029048068449
      27.4018384407972917
      27.4835739767877385
      27.5653095127781853
      27.6470450487686321
      27.7287805847590789
      27.8105161207495257
      27.8922516567399725
      27.9739871927304193
      28.0557227287208661
      28.1374582647113129
      28.2191938007017598
      28.3009293366922066
      28.3826648726826534
      28.4644004086731002
      28.5461359446635470
      28.6278714806539938
      28.7096070166444406
      28.7913425526348874
      28.8730780886253342
      28.9548136246157810
      29.0365491606062278
      29.1182846965966746
      29.2000202325871214
      29.2817557685775682
      29.3634913045680150
      29.4452268405584618
      29.5269623765489087
      29.6086979125393555
      29.6904334485298023
      29.7721689845202491
      29.8539045205106959
      29.9356400565011427
      30.0173755924915895
      30.0991111284820363
      30.1808466644724831
      30.2625822004629299
      30.3443177364533767
      30.4260532724438235
      30.5077888084342703
      30.5895243444247171
      30.6712598804151639
      30.7529954164056107
      30.8347309523960575
      30.9164664883865044
      30.9982020243769512
      31.0799375603673980
      31.1616730963578448
      31.2434086323482916
      31.3251441683387384
      31.4068797043291852
      31.4886152403196320
      31.5703507763100788
      31.6520863123005256
      31.7338218482909724
      31.8155573842814192
      31.8972929202718660
      31.9790284562623128
      32.0607639922527596
      32.1424995282432064
      32.2242350642336532
      32.3059706002241001
      32.3877061362145469
      32.4694416722049937
      32.5511772081954405
      32.6329127441858873
      32.7146482801763341
      32.8066007581655867
      32.9087701781536452
      33.0109395981417038
      33.1131090181297623
      33.2152784381178208
      33.3174478581058793
      33.4196172780939378
      33.5217866980819963
      33.6239561180700548
      33.7261255380581133
      33.8282949580461718
      33.9304643780342303
      34.0326337980222888
      34.1348032180103473
      34.2369726379984058
      34.3391420579864644
      34.4413114779745229
      34.5434808979625814
      34.6456503179506399
      34.7478197379386984
      34.8499891579267569
      34.9521585779148154
      35.0543279979028739
      35.1564974178909324
      35.2586668378789909
      35.3608362578670494
      35.4630056778551079
      35.5651750978431664
      35.6673445178312249
      35.7695139378192835
      35.8716833578073420
      35.9738527777954005
      36.0760221977834590
      36.1781916177715175
      36.2803610377595760
      36.3825304577476345
      36.4846998777356930
      36.5868692977237515
      36.6890387177118100
      36.7912081376998685
      36.8933775576879270
      36.9955469776759855
      37.0977163976640441
      37.1998858176521026
      37.3020552376401611
      37.4042246576282196
      37.5063940776162781
      37.6085634976043366
      37.7107329175923951
      37.8129023375804536
      37.9150717575685121
      38.0172411775565706
      38.1194105975446291
      38.2215800175326876
      38.3237494375207461
      38.4259188575088046
      38.5280882774968632
      38.6302576974849217
      38.7324271174729802
      38.8345965374610387
      38.9367659574490972
      39.0389353774371557
      39.1411047974252142
      39.2432742174132727
      39.3454436374013312
      39.4476130573893897
      39.5497824773774482
      39.6519518973655067
      39.7541213173535652
      39.8562907373416238
      39.9584601573296823
      40.0606295773177408
      40.1627989973057993
      40.2649684172938578
      40.3671378372819163
      40.4693072572699748
      40.5714766772580333
      40.6736460972460918
      40.7758155172341503
      40.8779849372222088
      40.9903712992090732
      41.1129746031947434
      41.2355779071804136
      41.3581812111660838
      41.4807845151517540
      41.6033878191374242
      41.7259911231230944
      41.8485944271087646
      41.9711977310944349
      42.0938010350801051
      42.2164043390657753
      42.3390076430514455
      42.4616109470371157
      42.5842142510227859
      42.7068175550084561
      42.8294208589941263
      42.9520241629797965
      43.0746274669654667
      43.1972307709511369
      43.3198340749368072
      43.4424373789224774
      43.5650406829081476
      43.6876439868938178
      43.8102472908794880
      43.9328505948651582
      44.0554538988508284
      44.1780572028364986
      44.3006605068221688
      44.4232638108078390
      44.5458671147935092
      44.6684704187791795
      44.7910737227648497
      44.9136770267505199
      45.0362803307361901
      45.1588836347218603
      45.2814869387075305
      45.4040902426932007
      45.5266935466788709
      45.6492968506645411
      45.7719001546502113
      45.8945034586358815
      46.0171067626215518
      46.1397100666072220
      46.2623133705928922
      46.3849166745785624
      46.5075199785642326
      46.6301232825499028
      46.7527265865355730
      46.8753298905212432
      46.9979331945069134
      47.1205364984925836
      47.2431398024782538
      47.3657431064639241
      47.4883464104495943
      47.6109497144352645
      47.7335530184209347
      47.8561563224066049
      47.9787596263922751
      48.1013629303779453
      48.2239662343636155
      48.3465695383492857
      48.4691728423349559
      48.5917761463206261
      48.7143794503062963
      48.8369827542919666
      48.9595860582776368
      49.0821893622633070
      49.2150096082477830
      49.3580467962310649
      49.5010839842143469
      49.6441211721976288
      49.7871583601809107
      49.9301955481641926
      50.0732327361474745
      50.2162699241307564
      50.3593071121140383
      50.5023443000973202
      50.6453814880806021
      50.7884186760638840
      50.9314558640471660
      51.0744930520304479
      51.2175302400137298
      51.3605674279970117
      51.5036046159802936
      51.6466418039635755
      51.7896789919468574
      51.9327161799301393
      52.0757533679134212
      52.2187905558967032
      52.3618277438799851
      52.5048649318632670
      52.6479021198465489
      52.7909393078298308
      52.9339764958131127
      53.0770136837963946
      53.2200508717796765
      53.3630880597629584
      53.5061252477462403
      53.6491624357295223
      53.7921996237128042
      53.9352368116960861
      54.0782739996793680
      54.2213111876626499
      54.3643483756459318
      54.5073855636292137
      54.6504227516124956
      54.7934599395957775
      54.9364971275790595
      55.0795343155623414
      55.2225715035456233
      55.3656086915289052
      55.5086458795121871
      55.6516830674954690
      55.7947202554787509
      55.9377574434620328
      56.0807946314453147
      56.2238318194285966
      56.3668690074118786
      56.5099061953951605
      56.6529433833784424
      56.7959805713617243
      56.9390177593450062
      57.0820549473282881
      57.2250921353115700
      57.3783462652936578
      57.5418173372745514
      57.7052884092554450
      57.8687594812363386
      58.0322305532172322
      58.1957016251981258
      58.3591726971790195
      58.5226437691599131
      58.6861148411408067
      58.8495859131217003
      59.0130569851025939
      59.1765280570834875
      59.3399991290643811
      59.5034702010452747
      59.6669412730261683
      59.8304123450070620
      59.9938834169879556
      60.1573544889688492
      60.3208255609497428
      60.4842966329306364
      60.6477677049115300
      60.8112387768924236
      60.9747098488733172
      61.1381809208542109
      61.3016519928351045
      61.4651230648159981
      61.6285941367968917
      61.7920652087777853
      61.9555362807586789
      62.1190073527395725
      62.2824784247204661
      62.4459494967013597
      62.6094205686822534
      62.7728916406631470
      62.9363627126440406
      63.0998337846249342
      63.2633048566058278
      63.4267759285867214
      63.5902470005676150
      63.7537180725485086
      63.9171891445294023
      64.0806602165102959
      64.2441312884911895
      64.4076023604720831
      64.5710734324529767
      64.7345445044338703
      64.8980155764147639
      65.0614866483956575
      65.2249577203765512
      65.3884287923574448
      65.5621168063371442
      65.7460217623156495
      65.9299267182941549
      66.1138316742726602
      66.2977366302511655
      66.4816415862296708
      66.6655465422081761
      66.8494514981866814
      67.0333564541651867
      67.2172614101436920
      67.4011663661221974
      67.5850713221007027
      67.7689762780792080
      67.9528812340577133
      68.1367861900362186
      68.3206911460147239
      68.5045961019932292
      68.6885010579717346
      68.8724060139502399
      69.0563109699287452
      69.2402159259072505
      69.4241208818857558
      69.6080258378642611
      69.7919307938427664
      69.9758357498212717
      70.1597407057997771
      70.3436456617782824
      70.5275506177567877
      70.7114555737352930
      70.8953605297137983
      71.0792654856923036
      71.2631704416708089
      71.4470753976493143
      71.6309803536278196
      71.8148853096063249
      71.9987902655848302
      72.1826952215633355
      72.3666001775418408
      72.5505051335203461
      72.7344100894988514
      72.9183150454773568
      73.1022200014558621
      73.2861249574343674
      73.4700299134128727
      73.6539348693913780
      73.8480567673686892
      74.0523956073448062
      74.2567344473209232
      74.4610732872970402
      74.6654121272731572
      74.8697509672492743
      75.0740898072253913
      75.2784286472015083
      75.4827674871776253
      75.6871063271537423
      75.8914451671298593
      76.0957840071059763
      76.3001228470820934
      76.5044616870582104
      76.7088005270343274
      76.9131393670104444
      77.1174782069865614
      77.3218170469626784
      77.5261558869387954
      77.7304947269149125
      77.9348335668910295
      78.1391724068671465
      78.3435112468432635
      78.5478500868193805
      78.7521889267954975
      78.9565277667716146
      79.1608666067477316
      79.3652054467238486
      79.5695442866999656
      79.7738831266760826
      79.9782219666521996
      80.1825608066283166
      80.3868996466044337
      80.5912384865805507
      80.7955773265566677
      80.9999161665327847
      81.2042550065089017
      81.4085938464850187
      81.6129326864611357
      81.8172715264372528
      82.0318273084121756
      82.2566000323859043
      82.4813727563596331
      82.7061454803333618
      82.9309182043070905
      83.1556909282808192
      83.3804636522545479
      83.6052363762282766
      83.8300091002020054
      84.0547818241757341
      84.2795545481494628
      84.5043272721231915
      84.7290999960969202
      84.9538727200706489
      85.1786454440443777
      85.4034181680181064
      85.6281908919918351
      85.8529636159655638
      86.0777363399392925
      86.3025090639130212
      86.5272817878867500
      86.7520545118604787
      86.9768272358342074
      87.2015999598079361
      87.4263726837816648
      87.6511454077553935
      87.8759181317291223
      88.1006908557028510
      88.3254635796765797
      88.5502363036503084
      88.7750090276240371
      88.9997817515977658
      89.2245544755714945
      89.4493271995452233
      89.6740999235189520
      89.8988726474926807
      90.1338623134652153
      90.3790689214365557
      90.6242755294078961
      90.8694821373792365
      91.1146887453505769
      91.3598953533219174
      91.6051019612932578
      91.8503085692645982
      92.0955151772359386
      92.3407217852072790
      92.5859283931786194
      92.8311350011499599
      93.0763416091213003
      93.3215482170926407
      93.5667548250639811
      93.8119614330353215
      94.0571680410066620
      94.3023746489780024
      94.5475812569493428
      94.7927878649206832
      95.0379944728920236
      95.2832010808633640
      95.5284076888347045
      95.7736142968060449
      96.0188209047773853
      96.2640275127487257
      96.5092341207200661
      96.7544407286914065
      96.9996473366627470
      97.2448539446340874
      97.4900605526054278
      97.7352671605767682
      97.9804737685481086
      98.2358973185182549
      98.5015378104872070
      98.7671783024561591
      99.0328187944251113
      99.2984592863940634
      99.5640997783630155
      99.8297402703319676
     100.0953807623009197
     100.3610212542698719
     100.6266617462388240
     100.8923022382077761
     101.1579427301767282
     101.4235832221456803
     101.6892237141146325
     101.9548642060835846
     102.2205046980525367
     102.4861451900214888
     102.7517856819904409
     103.0174261739593931
     103.2830666659283452
     103.5487071578972973
     103.8143476498662494
     104.0799881418352015
     104.3456286338041537
     104.6112691257731058
     104.8769096177420579
     105.1425501097110100
     105.4081906016799621
     105.6738310936489142
     105.9394715856178664
     106.2051120775868185
     106.4809695115545765
     106.7670438875211403
     107.0531182634877041
     107.3391926394542679
     107.6252670154208317
     107.9113413913873956
     108.1974157673539594
     108.4834901433205232
     108.7695645192870870
     109.0556388952536508
     109.3417132712202147
     109.6277876471867785
     109.9138620231533423
     110.1999363991199061
     110.4860107750864699
     110.7720851510530338
     111.0581595270195976
     111.3442339029861614
     111.6303082789527252
     111.9163826549192891
     112.2024570308858529
     112.4885314068524167
     112.7746057828189805
     113.0606801587855443
     113.3467545347521082
     113.6328289107186720
     113.9189032866852358
     114.2049776626517996
     114.4910520386183634
     114.7873433565837331
     115.0938516165479086
     115.4003598765120842
     115.7068681364762597
     116.0133763964404352
     116.3198846564046107
     116.6263929163687862
     116.9329011763329618
     117.2394094362971373
     117.5459176962613128
     117.8524259562254883
     118.1589342161896639
     118.4654424761538394
     118.7719507361180149
     119.0784589960821904
     119.3849672560463659
     119.6914755160105415
     119.9979837759747170
     120.3044920359388925
     120.6110002959030680
     120.9175085558672436
     121.2240168158314191
     121.5305250757955946
     121.8370333357597701
     122.1435415957239456
     122.4500498556881212
     122.7565581156522967
     123.0732833176152781
     123.4002254615770653
     123.7271676055388525
     124.0541097495006397
     124.3810518934624270
     124.7079940374242142
     125.0349361813860014
     125.3618783253477886
     125.6888204693095759
     126.0157626132713631
     126.3427047572331503
     126.6696469011949375
     126.9965890451567248
     127.3235311891185120
     127.6504733330802992
     127.9774154770420864
     128.3043576210038736
     128.6312997649656609
     128.9582419089274481
     129.2851840528892353
     129.6121261968510225
     129.9390683408128098
     130.2660104847745970
     130.5929526287363842
     130.9198947726981714
     131.2570538586587645
     131.6044298866181634
     131.9518059145775624
     132.2991819425369613
     132.6465579704963602
     132.9939339984557591
     133.3413100264151581
     133.6886860543745570
     134.0360620823339559
     134.3834381102933548
     134.7308141382527538
     135.0781901662121527
     135.4255661941715516
     135.7729422221309505
     136.1203182500903495
     136.4676942780497484
     136.8150703060091473
     137.1624463339685462
     137.5098223619279452
     137.8571983898873441
     138.2045744178467430
     138.5519504458061419
     138.8993264737655409
     139.2569194437237456
     139.6247293556807563
     139.9925392676377669
     140.3603491795947775
     140.7281590915517882
     141.0959690035087988
     141.4637789154658094
     141.8315888274228200
     142.1993987393798307
     142.5672086513368413
     142.9350185632938519
     143.3028284752508625
     143.6706383872078732
     144.0384482991648838
     144.4062582111218944
     144.7740681230789050
     145.1418780350359157
     145.5096879469929263
     145.8774978589499369
     146.2453077709069476
     146.6131176828639582
     146.9809275948209688
     147.3589544487767853
     147.7471982447314076
     148.1354420406860299
     148.5236858366406523
     148.9119296325952746
     149.3001734285498969
     149.6884172245045193
     150.0766610204591416
     150.4649048164137639
     150.8531486123683862
     151.2413924083230086
     151.6296362042776309
     152.0178800002322532
     152.4061237961868756
     152.7943675921414979
     153.1826113880961202
     153.5708551840507425
     153.9590989800053649
     154.3473427759599872
     154.7355865719146095
     155.1238303678692318
     155.5222911058226600
     155.9309687857748941
     156.3396464657271281
     156.7483241456793621
     157.1570018256315961
     157.5656795055838302
     157.9743571855360642
     158.3830348654882982
     158.7917125454405323
     159.2003902253927663
     159.6090679053450003
     160.0177455852972344
     160.4264232652494684
     160.8351009452017024
     161.2437786251539364
     161.6524563051061705
     162.0611339850584045
     162.4698116650106385
     162.8784893449628726
     163.2871670249151066
     163.7060616468661465
     164.1351732108159922
     164.5642847747658379
     164.9933963387156837
     165.4225079026655294
     165.8516194666153751
     166.2807310305652209
     166.7098425945150666
     167.1389541584649123
     167.5680657224147581
     167.9971772863646038
     168.4262888503144495
     168.8554004142642953
     169.2845119782141410
     169.7136235421639867
     170.1427351061138324
     170.5718466700636782
     171.0009582340135239
     171.4300697979633696
     171.8591813619132154
     172.2985098678618670
     172.7480553158093244
     173.1976007637567818
     173.6471462117042392
     174.0966916596516967
     174.5462371075991541
     174.9957825555466115
     175.4453280034940690
     175.8948734514415264
     176.3444188993889838
     176.7939643473364413
     177.2435097952838987
     177.6930552432313561
     178.1426006911788136
     178.5921461391262710
     179.0416915870737284
     179.4912370350211859
     179.9407824829686433
     180.4005448729149066
     180.8705242048599757
     181.3405035368050449
     181.8104828687501140
     182.2804622006951831
     182.7504415326402523
     183.2204208645853214
     183.6904001965303905
     184.1603795284754597
     184.6303588604205288
     185.1003381923655979
     185.5703175243106671
     186.0402968562557362
     186.5102761882008053
     186.9802555201458745
     187.4502348520909436
     187.9202141840360127
     188.4004104579798877
     188.8908236739225686
     189.3812368898652494
     189.8716501058079302
     190.3620633217506111
     190.8524765376932919
     191.3428897536359727
     191.8333029695786536
     192.3237161855213344
     192.8141294014640152
     193.3045426174066961
     193.7949558333493769
     194.2853690492920578
     194.7757822652347386
     195.2661954811774194
     195.7566086971201003
     196.2470219130627811
     196.7476520710042678
     197.2584991709445603
     197.7693462708848529
     198.2801933708251454
     198.7910404707654379
     199.3018875707057305
     199.8127346706460230
     200.3235817705863155
     200.8344288705266081
     201.3452759704669006
     201.8561230704071932
     202.3669701703474857
     202.8778172702877782
     203.3886643702280708
     203.8995114701683633
     204.4103585701086558
     204.9314226120477542
     205.4627035959856585
     205.9939845799235627
     206.5252655638614669
     207.0565465477993712
     207.5878275317372754
     208.1191085156751797
     208.6503894996130839
     209.1816704835509881
     209.7129514674888924
     210.2442324514267966
     210.7755134353647009
     211.3067944193026051
     211.8380754032405093
     212.3693563871784136
     212.9108543131151237
     213.4625691810506396
     214.0142840489861555
     214.5659989169216715
     215.1177137848571874
     215.6694286527927034
     216.2211435207282193
     216.7728583886637352
     217.3245732565992512
     217.8762881245347671
     218.4280029924702831
     218.9797178604057990
     219.5314327283413149
     220.0831475962768309
     220.6348624642123468
     221.1967942741466686
     221.7689430260797963
     222.3410917780129239
     222.9132405299460515
     223.4853892818791792
     224.0575380338123068
     224.6296867857454345
     225.2018355376785621
     225.7739842896116897
     226.3461330415448174
     226.9182817934779450
     227.4904305454110727
     228.0625792973442003
     228.6347280492773280
     229.2170937432092614
     229.8096763791400008
     230.4022590150707401
     230.9948416510014795
     231.5874242869322188
     232.1800069228629582
     232.7725895587936975
     233.3651721947244368
     233.9577548306551762
     234.5503374665859155
     235.1429201025166549
     235.7355027384473942
     236.3280853743781336
     236.9206680103088729
     237.5234675882384181
     238.1364841081667691
     238.7495006280951202
     239.3625171480234712
     239.9755336679518223
     240.5885501878801733
     241.2015667078085244
     241.8145832277368754
     242.4275997476652265
     243.0406162675935775
     243.6536327875219285
     244.2666493074502796
     244.8796658273786306
     245.4926823473069817
     246.1159158092341386
     246.7493662131601013
     247.3828166170860641
     248.0162670210120268
     248.6497174249379896
     249.2831678288639523
     249.9166182327899151
     250.5500686367158778
     251.1835190406418405
     251.8169694445678033
     252.4504198484937660
     253.0838702524197288
     253.7275375983444974
     254.3814218862680718
     255.0353061741916463
     255.6891904621152207
     256.3430747500387952
     256.9969590379623696
     257.6508433258859441
     258.3047276138095185
     258.9586119017330930
     259.6124961896566674
     260.2663804775802419
     260.9202647655038163
     261.5741490534273908
     262.2382502833497711
     262.9125684552709572
     263.5868866271921434
     264.2612047991133295
     264.9355229710345156
     265.6098411429557018
     266.2841593148768879
     266.9584774867980741
     267.6327956587192602
     268.3071138306404464
     268.9814320025616325
     269.6557501744828187
     270.3402852884028107
     271.0350373443216085
     271.7297894002404064
     272.4245414561592042
     273.1192935120780021
     273.8140455679967999
     274.5087976239155978
     275.2035496798343956
     275.8983017357531935
     276.5930537916719913
     277.2878058475907892
     277.9825579035095870
     278.6875269014271908
     279.4027128413436003
     280.1178987812600099
     280.8330847211764194
     281.5482706610928290
     282.2634566010092385
     282.9786425409256481
     283.6938284808420576
     284.4090144207584672
     285.1242003606748767
     285.8393863005912863
     286.5647891825065017
     287.3004090064205229
     288.0360288303345442
     288.7716486542485654
     289.5072684781625867
     290.2428883020766079
     290.9785081259906292
     291.7141279499046504
     292.4497477738186717
     293.1853675977326930
     293.9209874216467142
     294.6668241875595413
     295.4228778954711743
     296.1789316033828072
     296.9349853112944402
     297.6910390192060731
     298.4470927271177061
     299.2031464350293390
     299.9592001429409720
       0.0000000000000000
       0.0000000000000000
       0.0000000000000000
       0.0000000000000000
       0.0000000000000000
       0.0000000000000000
       0.0000000000000000
       0.0000000000000000
       0.0000000000000000
       0.0000000000000000
       0.0000000000000000
       0.0000000000000000
       0.0000000000000000
       0.0000000000000000
       0.0000000000000000
       0.0000000000000000
       0.0000000000000000
       0.0000000000000000
       0.0000000000000000
       0.0000000000000000
       0.0000000000000000
       0.0000000000000000
       0.0000000000000000
       0.0000000000000000
       0.0000000000000000
       0.0000000000000000
       0.0000000000000000
       0.0000000000000000
       0.0000000000000000
       0.0000000000000000
       0.0000000000000000
       0.0000000000000000
       0.0000000000000000
       0.0000000000000000
       0.0000000000000000
       0.0000000000000000
       0.0000000000000000
       0.0000000000000000
       0.0000000000000000
       0.0000000000000000
       0.0000000000000000
       0.0000000000000000
       0.0000000000000000
       0.0000000000000000
       0.0000000000000000
       0.0000000000000000
       0.0000000000000000
       0.0000000000000000
       0.0000000000000000
       0.0000000000000000
       0.0000000000000000
       0.0000000000000000
       0.0000000000000000
       0.0000000000000000
       0.0000000000000000
       0.0000000000000000
       0.0000000000000000
       0.0000000000000000
       0.0000000000000000
       0.0000000000000000
       0.0000000000000000
       0.0000000000000000
       0.0000000000000000
       0.0000000000000000
       0.0000000000000000
       0.0000000000000000
       0.0000000000000000
       0.0000000000000000
       0.0000000000000000
       0.0000000000000000
       0.0000000000000000
       0.0000000000000000
       0.0000000000000000
       0.0000000000000000
       0.0000000000000000
       0.0000000000000000
       0.0000000000000000
       0.0000000000000000
       0.0000000000000000
       0.0000000000000000
       0.0000000000000000
       0.0000000000000000
       0.0000000000000000
       0.0000000000000000
       0.0000000000000000
       0.0000000000000000
       0.0000000000000000
       0.0000000000000000
       0.0000000000000000
       0.0000000000000000
       0.0000000000000000
       0.0000000000000000
       0.0000000000000000
       0.0000000000000000
       0.0000000000000000
       0.0000000000000000
       0.0000000000000000
       0.0000000000000000
       0.0000000000000000
       0.0000000000000000
       0.0000000000000000
       0.0000000000000000
       0.0000000000000000
       0.0000000000000000
       0.0000000000000000
       0.0000000000000000
       0.0000000000000000
       0.0000000000000000
       0.0000000000000000
       0.0000000000000000
       0.0000000000000000
       0.0000000000000000
       0.0000000000000000
       0.0000000000000000
       0.0000000000000000
       0.0000000000000000
       0.0000000000000000
       0.0000000000000000
       0.0000000000000000
       0.0000000000000000
       0.0000000000000000
       0.0000000000000000
       0.0000000000000000
       0.0000000000000000
       0.0000000000000000
       0.0000000000000000
       0.0000000000000000
       0.0000000000000000
       0.0000000000000000
       0.0000000000000000
       0.0000000000000000
       0.0000000000000000
       0.0000000000000000
       0.0000000000000000
       0.0000000000000000
       0.0000000000000000
       0.0000000000000000
       0.0000000000000000
       0.0000000000000000
       0.0000000000000000
       0.0000000000000000
       0.0000000000000000
       0.0000000000000000
       0.0000000000000000
       0.0000000000000000
       0.0000000000000000
       0.0000000000000000
       0.0000000000000000
       0.0000000000000000
       0.0000000000000000
       0.0000000000000000
       0.0000000000000000
       0.0000000000000000
       0.0000000000000000
       0.0000000000000000
       0.0000000000000000
       0.0000000000000000
       0.0000000000000000
       0.0000000000000000
       0.0000000000000000
       0.0000000000000000
       0.0000000000000000
       0.0000000000000000
       0.0000000000000000
       0.0000000000000000
       0.0000000000000000
       0.0000000000000000
       0.0000000000000000
       0.0000000000000000
       0.0000000000000000
       0.0000000000000000
       0.0000000000000000
       0.0000000000000000
       0.0000000000000000
       0.0000000000000000
       0.0000000000000000
       0.0000000000000000
       0.0000000000000000
       0.0000000000000000
       0.0000000000000000
       0.0000000000000000
       0.0000000000000000
       0.0000000000000000
       0.0000000000000000
       0.0000000000000000
       0.0000000000000000
       0.0000000000000000
       0.0000000000000000
       0.0000000000000000
       0.0000000000000000
       0.0000000000000000
       0.0000000000000000
       0.0000000000000000
       0.0000000000000000
       0.0000000000000000
       0.0000000000000000
       0.0000000000000000
       0.0000000000000000
       0.0000000000000000
       0.0000000000000000
       0.0000000000000000
       0.0000000000000000
       0.0000000000000000
       0.0000000000000000
       0.0000000000000000
       0.0000000000000000
       0.0000000000000000
       0.0000000000000000
       0.0000000000000000
       0.0000000000000000
       0.0000000000000000
       0.0000000000000000
       0.0000000000000000
       0.0000000000000000
       0.0000000000000000
       0.0000000000000000
       0.0000000000000000
       0.0000000000000000
       0.0000000000000000
       0.0000000000000000
       0.0000000000000000
       0.0000000000000000
       0.0000000000000000
       0.0000000000000000
       0.0000000000000000
       0.0000000000000000
       0.0000000000000000
       0.0000000000000000
       0.0000000000000000
       0.0000000000000000
       0.0000000000000000
       0.0000000000000000
       0.0000000000000000
       0.0000000000000000
       0.0000000000000000
       0.0000000000000000
       0.0000000000000000
       0.0000000000000000
       0.0000000000000000
       0.0000000000000000
       0.0000000000000000
       0.0000000000000000
       0.0000000000000000
       0.0000000000000000
       0.0000000000000000
       0.0000000000000000
       0.0000000000000000
       0.0000000000000000
       0.0000000000000000
       0.0000000000000000
       0.0000000000000000
       0.0000000000000000
       0.0000000000000000
       0.0000000000000000
       0.0000000000000000
       0.0000000000000000
       0.0000000000000000
       0.0000000000000000
       0.0000000000000000
       0.0000000000000000
       0.0000000000000000
       0.0000000000000000
       0.0000000000000000
       0.0000000000000000
       0.0000000000000000
       0.0000000000000000
       0.0000000000000000
       0.0000000000000000
       0.0000000000000000
       0.0000000000000000
       0.0000000000000000
       0.0000000000000000
       0.0000000000000000
       0.0000000000000000
       0.0000000000000000
       0.0000000000000000
       0.0000000000000000
       0.0000000000000000
       0.0000000000000000
       0.0000000000000000
       0.0000000000000000
       0.0000000000000000
       0.0000000000000000
       0.0000000000000000
       0.0000000000000000
       0.0000000000000000
       0.0000000000000000
       0.0000000000000000
       0.0000000000000000
       0.0000000000000000
       0.0000000000000000
       0.0000000000000000
       0.0000000000000000
       0.0000000000000000
       0.0000000000000000
       0.0000000000000000
       0.0000000000000000
       0.0000000000000000
       0.0000000000000000
       0.0000000000000000
       0.0000000000000000
       0.0000000000000000
       0.0000000000000000
       0.0000000000000000
       0.0000000000000000
       0.0000000000000000
       0.0000000000000000
       0.0000000000000000
       0.0000000000000000
       0.0000000000000000
       0.0000000000000000
       0.0000000000000000
       0.0000000000000000
       0.0000000000000000
       0.0000000000000000
       0.0000000000000000
       0.0000000000000000
       0.0000000000000000
       0.0000000000000000
       0.0000000000000000
       0.0000000000000000
       0.0000000000000000
       0.0000000000000000
       0.0000000000000000
       0.0000000000000000
       0.0000000000000000
       0.0000000000000000
       0.0000000000000000
       0.0000000000000000
       0.0000000000000000
       0.0000000000000000
       0.0000000000000000
       0.0000000000000000
       0.0000000000000000
       0.0000000000000000
       0.0000000000000000
       0.0000000000000000
       0.0000000000000000
       0.0000000000000000
       0.0000000000000000
       0.0000000000000000
       0.0000000000000000
       0.0000000000000000
       0.0000000000000000
       0.0000000000000000
       0.0000000000000000
       0.0000000000000000
       0.0000000000000000
       0.0000000000000000
       0.0000000000000000
       0.0000000000000000
       0.0000000000000000
       0.0000000000000000
       0.0000000000000000
       0.0000000000000000
       0.0000000000000000
       0.0000000000000000
       0.0000000000000000
       0.0000000000000000
       0.0000000000000000
       0.0000000000000000
       0.0000000000000000
       0.0000000000000000
       0.0000000000000000
       0.0000000000000000
       0.0000000000000000
       0.0000000000000000
       0.0000000000000000
       0.0000000000000000
       0.0000000000000000
       0.0000000000000000
       0.0000000000000000
       0.0000000000000000
       0.0000000000000000
       0.0000000000000000
       0.0000000000000000
       0.0000000000000000
       0.0000000000000000
       0.0000000000000000
       0.0000000000000000
       0.0000000000000000
       0.0000000000000000
       0.0000000000000000
       0.0000000000000000
       0.0000000000000000
       0.0000000000000000
       0.0000000000000000
       0.0000000000000000
       0.0000000000000000
       0.0000000000000000
       0.0000000000000000
       0.0000000000000000
       0.0000000000000000
       0.0000000000000000
       0.0000000000000000
       0.0000000000000000
       0.0000000000000000
       0.0000000000000000
       0.0000000000000000
       0.0000000000000000
       0.0000000000000000
       0.0000000000000000
       0.0000000000000000
       0.0000000000000000
       0.0000000000000000
       0.0000000000000000
       0.0000000000000000
       0.0000000000000000
       0.0000000000000000
       0.0000000000000000
       0.0000000000000000
       0.0000000000000000
       0.0000000000000000
       0.0000000000000000
       0.0000000000000000
       0.0000000000000000
       0.0000000000000000
       0.0000000000000000
       0.0000000000000000
       0.0000000000000000
       0.0000000000000000
       0.0000000000000000
       0.0000000000000000
       0.0000000000000000
       0.0000000000000000
       0.0000000000000000
       0.0000000000000000
       0.0000000000000000
       0.0000000000000000
       0.0000000000000000
       0.0000000000000000
       0.0000000000000000
       0.0000000000000000
       0.0000000000000000
       0.0000000000000000
       0.0000000000000000
       0.0000000000000000
       0.0000000000000000
       0.0000000000000000
       0.0000000000000000
       0.0000000000000000
       0.0000000000000000
       0.0000000000000000
       0.0000000000000000
       0.0000000000000000
       0.0000000000000000
       0.0000000000000000
       0.0000000000000000
       0.0000000000000000
       0.0000000000000000
       0.0000000000000000
       0.0000000000000000
       0.0000000000000000
       0.0000000000000000
       0.0000000000000000
       0.0000000000000000
       0.0000000000000000
       0.0000000000000000
       0.0000000000000000
       0.0000000000000000
       0.0000000000000000
       0.0000000000000000
       0.0000000000000000
       0.0000000000000000
       0.0000000000000000
       0.0000000000000000
       0.0000000000000000
       0.0000000000000000
       0.0000000000000000
       0.0000000000000000
       0.0000000000000000
       0.0000000000000000
       0.0000000000000000
       0.0000000000000000
       0.0000000000000000
       0.0000000000000000
       0.0000000000000000
       0.0000000000000000
       0.0000000000000000
       0.0000000000000000
       0.0000000000000000
       0.0000000000000000
       0.0000000000000000
       0.0000000000000000
       0.0000000000000000
       0.0000000000000000
       0.0000000000000000
       0.0000000000000000
       0.0000000000000000
       0.0000000000000000
       0.0000000000000000
       0.0000000000000000
       0.0000000000000000
       0.0000000000000000
       0.0000000000000000
       0.0000000000000000
       0.0000000000000000
       0.0000000000000000
       0.0000000000000000
       0.0000000000000000
       0.0000000000000000
       0.0000000000000000
       0.0000000000000000
       0.0000000000000000
       0.0000000000000000
       0.0000000000000000
       0.0000000000000000
       0.0000000000000000
       0.0000000000000000
       0.0000000000000000
       0.0000000000000000
       0.0000000000000000
       0.0000000000000000
       0.0000000000000000
       0.0000000000000000
       0.0000000000000000
       0.0000000000000000
       0.0000000000000000
       0.0000000000000000
       0.0000000000000000
       0.0000000000000000
       0.0000000000000000
       0.0000000000000000
       0.0000000000000000
       0.0000000000000000
       0.0000000000000000
       0.0000000000000000
       0.0000000000000000
       0.0000000000000000
       0.0000000000000000
       0.0000000000000000
       0.0000000000000000
       0.0000000000000000
       0.0000000000000000
       0.0000000000000000
       0.0000000000000000
       0.0000000000000000
       0.0000000000000000
       0.0000000000000000
       0.0000000000000000
       0.0000000000000000
       0.0000000000000000
       0.0000000000000000
       0.0000000000000000
       0.0000000000000000
       0.0000000000000000
       0.0000000000000000
       0.0000000000000000
       0.0000000000000000
       0.0000000000000000
       0.0000000000000000
       0.0000000000000000
       0.0000000000000000
       0.0000000000000000
       0.0000000000000000
       0.0000000000000000
       0.0000000000000000
       0.0000000000000000
       0.0000000000000000
       0.0000000000000000
       0.0000000000000000
       0.0000000000000000
       0.0000000000000000
       0.0000000000000000
       0.0000000000000000
       0.0000000000000000
       0.0000000000000000
       0.0000000000000000
       0.0000000000000000
       0.0000000000000000
       0.0000000000000000
       0.0000000000000000
       0.0000000000000000
       0.0000000000000000
       0.0000000000000000
       0.0000000000000000
       0.0000000000000000
       0.0000000000000000
       0.0000000000000000
       0.0000000000000000
       0.0000000000000000
       0.0000000000000000
       0.0000000000000000
       0.0000000000000000
       0.0000000000000000
       0.0000000000000000
       0.0000000000000000
       0.0000000000000000
       0.0000000000000000
       0.0000000000000000
       0.0000000000000000
       0.0000000000000000
       0.0000000000000000
       0.0000000000000000
       0.0000000000000000
       0.0000000000000000
       0.0000000000000000
       0.0000000000000000
       0.0000000000000000
       0.0000000000000000
       0.0000000000000000
       0.0000000000000000
       0.0000000000000000
       0.0000000000000000
       0.0000000000000000
       0.0000000000000000
       0.0000000000000000
       0.0000000000000000
       0.0000000000000000
       0.0000000000000000
       0.0000000000000000
       0.0000000000000000
       0.0000000000000000
       0.0000000000000000
       0.0000000000000000
       0.0000000000000000
       0.0000000000000000
       0.0000000000000000
       0.0000000000000000
       0.0000000000000000
       0.0000000000000000
       0.0000000000000000
       0.0000000000000000
       0.0000000000000000
       0.0000000000000000
       0.0000000000000000
       0.0000000000000000
       0.0000000000000000
       0.0000000000000000
       0.0000000000000000
       0.0000000000000000
       0.0000000000000000
       0.0000000000000000
       0.0000000000000000
       0.0000000000000000
       0.0000000000000000
       0.0000000000000000
       0.0000000000000000
       0.0000000000000000
       0.0000000000000000
       0.0000000000000000
       0.0000000000000000
       0.0000000000000000
       0.0000000000000000
       0.0000000000000000
       0.0000000000000000
       0.0000000000000000
       0.0000000000000000
       0.0000000000000000
       0.0000000000000000
       0.0000000000000000
       0.0000000000000000
       0.0000000000000000
